Sample	FastQC_percent_duplicates	FastQC_percent_gc	FastQC_avg_sequence_length	FastQC_total_sequences	FastQC_percent_fails
ERR023620	75.626864626	50.0	160.0	2277732.0	58.3333333333
ERR023621	62.9118039278	50.0	160.0	876897.0	58.3333333333
ERR023622	44.3750857751	52.0	160.0	3120959.0	41.6666666667
ERR023624	58.9939491148	50.0	160.0	3202817.0	50.0
ERR023625	51.0309109291	50.0	160.0	2589386.0	50.0
ERR023626	46.8707021601	51.0	160.0	1040892.0	41.6666666667
ERR023631	47.6397020271	52.0	160.0	1369049.0	41.6666666667
ERR023633	60.8308396966	54.0	160.0	1627884.0	58.3333333333
ERR023634	34.5998475341	53.0	160.0	2615882.0	25.0
ERR023635	36.3706992109	54.0	160.0	3370625.0	33.3333333333
ERR023636	41.9006208366	54.0	160.0	1422242.0	41.6666666667
ERR023637	52.0862212358	54.0	160.0	4297723.0	50.0
ERR023638	47.9657359482	53.0	160.0	2902147.0	41.6666666667
ERR023639	44.7151708531	54.0	160.0	3330514.0	41.6666666667
ERR023641	39.109315682	52.0	160.0	1375136.0	33.3333333333
ERR023642	45.5511474266	54.0	160.0	1753381.0	41.6666666667
ERR023643	48.9308238981	53.0	160.0	2399682.0	41.6666666667
ERR023650	62.6984137656	50.0	160.0	3199740.0	50.0
ERR023653	37.0850653237	51.0	160.0	1602027.0	41.6666666667
ERR023654	10.0984829274	52.0	160.0	339014.0	16.6666666667
ERR023655	55.0280034284	51.0	160.0	2346456.0	50.0
ERR023656	55.6169242976	50.0	160.0	2354661.0	50.0
ERR023657	52.1501975223	52.0	160.0	2262656.0	50.0
ERR023766	37.0662511501	52.0	160.0	2332336.0	33.3333333333
ERR023767	23.6641805548	52.0	160.0	2495607.0	25.0
ERR023768	36.8618664262	55.0	160.0	2648607.0	33.3333333333
ERR023769	33.5971437696	53.0	160.0	3359017.0	25.0
ERR023770	38.7057853958	53.0	160.0	3925740.0	25.0
ERR023771	43.2770649914	53.0	160.0	7729770.0	33.3333333333
ERR023773	33.2987375116	53.0	160.0	3244087.0	33.3333333333
ERR023774	35.6084323187	52.0	160.0	2990125.0	33.3333333333
ERR023775	56.9241557188	55.0	160.0	2494295.0	50.0
ERR023776	31.0514337235	52.0	160.0	3782744.0	33.3333333333
ERR023777	33.3457815355	54.0	160.0	3496678.0	33.3333333333
ERR023779	25.8943881625	52.0	160.0	1752741.0	41.6666666667
ERR023780	26.2300277192	52.0	160.0	1445711.0	33.3333333333
ERR023781	47.6467575715	55.0	160.0	2895803.0	50.0
ERR023782	31.6224426778	52.0	160.0	3295475.0	33.3333333333
ERR023783	34.8294448367	52.0	160.0	4647772.0	33.3333333333
ERR023784	43.3919579024	52.0	160.0	7252486.0	41.6666666667
ERR023785	30.5223579113	53.0	160.0	2921739.0	41.6666666667
ERR023786	34.3209937168	53.0	160.0	2496462.0	41.6666666667
ERR023788	18.746107892	52.0	160.0	1503900.0	41.6666666667
ERR023789	36.3539905384	52.0	160.0	2900767.0	41.6666666667
ERR023790	25.0477309816	53.0	160.0	1705953.0	41.6666666667
ERR023792	29.771588503	52.0	160.0	2469341.0	33.3333333333
ERR023793	20.2535165224	51.0	160.0	2051879.0	25.0
ERR023794	34.2039320241	53.0	160.0	6375522.0	33.3333333333
ERR023795	33.3771640489	53.0	160.0	4198565.0	25.0
ERR023796	34.7845035072	52.0	160.0	5486844.0	25.0
ERR023797	29.3098548203	52.0	160.0	3281289.0	25.0
ERR023798	25.0927042676	53.0	160.0	1471295.0	33.3333333333
ERR023799	21.3189635824	53.0	160.0	1457376.0	33.3333333333
ERR023800	23.1316209331	52.0	160.0	2092133.0	33.3333333333
ERR023801	27.6821946396	53.0	160.0	1339284.0	33.3333333333
ERR023802	36.2817366519	53.0	160.0	3380747.0	33.3333333333
ERR023803	36.3904424311	53.0	160.0	5323541.0	33.3333333333
ERR023805	42.3986080331	52.0	160.0	2358112.0	33.3333333333
ERR023809	27.9093326542	52.0	160.0	2425815.0	25.0
ERR023810	28.6888725171	52.0	160.0	2581368.0	25.0
ERR023811	28.3146828687	53.0	160.0	1539176.0	25.0
ERR023812	32.6084715091	53.0	160.0	2209250.0	33.3333333333
ERR024398	19.1515029228	53.0	160.0	3404664.0	25.0
ERR024414	5.42456817396	50.0	160.0	636922.0	16.6666666667
ERR024415	13.2036143094	52.0	160.0	2442831.0	8.33333333333
ERR024420	11.899866609	51.0	160.0	2049282.0	16.6666666667
ERR024422	6.53761638973	51.0	160.0	986433.0	16.6666666667
ERR024423	10.4754259907	50.0	160.0	1146498.0	8.33333333333
ERR024424	17.9525330246	51.0	160.0	2765861.0	16.6666666667
ERR024765	9.01614402293	52.0	160.0	1444596.0	25.0
ERR024766	17.6409522675	50.0	160.0	2155020.0	33.3333333333
ERR024767	21.4826299489	51.0	160.0	915543.0	25.0
ERR024769	21.3987839639	51.0	160.0	4075113.0	25.0
ERR024770	18.2623694707	51.0	160.0	2484487.0	25.0
ERR024772	6.90026078807	51.0	160.0	997555.0	25.0
ERR024773	8.54864358138	50.0	160.0	593541.0	33.3333333333
ERR024774	9.48183394041	51.0	160.0	1445586.0	25.0
ERR024775	11.4978346011	51.0	160.0	1816202.0	16.6666666667
ERR024778	23.1972348329	51.0	160.0	4003256.0	16.6666666667
ERR024779	20.143902012	50.0	160.0	2864581.0	16.6666666667
ERR024780	20.3428411946	51.0	160.0	3657961.0	16.6666666667
ERR024782	29.1919686554	51.0	160.0	4641013.0	16.6666666667
ERR024783	8.78479021459	51.0	160.0	737768.0	8.33333333333
ERR024784	21.9125692291	50.0	160.0	2128908.0	16.6666666667
ERR024785	13.8620362081	50.0	160.0	741282.0	25.0
ERR024786	21.0298468631	50.0	160.0	1018666.0	25.0
ERR024788	23.3913863869	50.0	160.0	4485142.0	8.33333333333
ERR024789	9.53718226762	50.0	160.0	1031912.0	25.0
ERR024791	12.805468194	50.0	160.0	1655128.0	16.6666666667
ERR024795	14.1753080622	51.0	160.0	2458299.0	16.6666666667
ERR024796	28.6368610437	50.0	160.0	4560755.0	8.33333333333
ERR024797	16.7252382152	50.0	160.0	3320930.0	16.6666666667
ERR024798	25.1785680683	50.0	160.0	4535015.0	16.6666666667
ERR024800	8.08807464946	50.0	160.0	1328209.0	16.6666666667
ERR024801	26.3933189569	50.0	160.0	5830762.0	8.33333333333
ERR025164	43.8715476807	50.0	160.0	1639549.0	50.0
ERR034065	5.26498893319	52.0	115.0	989393.0	16.6666666667
ERR034066	9.32299704916	51.0	115.0	1148039.0	16.6666666667
ERR034068	5.43730541881	51.0	115.0	847098.0	16.6666666667
ERR034069	6.32073570756	52.0	115.0	1144144.0	16.6666666667
ERR034070	12.3135796395	52.0	115.0	2450936.0	16.6666666667
ERR034071	12.7888047693	51.0	115.0	1524027.0	16.6666666667
ERR034072	9.08742951573	52.0	115.0	1381307.0	16.6666666667
ERR034074	10.2144667968	52.0	115.0	2045991.0	16.6666666667
ERR034075	6.15615185369	51.0	115.0	1088315.0	16.6666666667
ERR034079	11.7289014825	50.0	115.0	2572619.0	25.0
ERR034080	7.4216402351	53.0	115.0	1177977.0	25.0
ERR034081	11.294594672	51.0	115.0	1756180.0	25.0
ERR034085	11.608073597	52.0	115.0	2239825.0	25.0
ERR034086	9.61335985704	52.0	115.0	1362410.0	25.0
ERR034088	9.46772889016	51.0	115.0	1728241.0	25.0
ERR034160	24.2127775243	53.0	108.0	12414035.0	16.6666666667
ERR034161	37.4440328347	52.0	108.0	14414153.0	16.6666666667
ERR034162	36.2327796011	54.0	108.0	11516058.0	16.6666666667
ERR034163	43.6283023729	51.0	108.0	17886745.0	16.6666666667
ERR034164	44.4510862036	53.0	108.0	17937811.0	25.0
ERR034165	46.8550992497	55.0	108.0	15826381.0	25.0
ERR034168	34.3914898703	52.0	108.0	8230806.0	8.33333333333
ERR037585	3.16829336436	52.0	115.0	470578.0	25.0
ERR037587	14.1780393002	53.0	115.0	2742971.0	25.0
ERR037588	7.9968589503	51.0	115.0	1233186.0	25.0
ERR037589	6.8516157163	52.0	115.0	666963.0	25.0
ERR037590	7.63958338219	52.0	115.0	1584110.0	25.0
ERR037592	8.73776916122	52.0	115.0	1768373.0	25.0
ERR037593	3.61976518507	52.0	115.0	595407.0	25.0
ERR037594	4.59838513346	52.0	115.0	632476.0	25.0
ERR037595	7.10895291428	51.0	115.0	1156028.0	25.0
ERR038033	5.84623031048	52.0	115.0	1089576.0	25.0
ERR038034	5.69620773766	51.0	115.0	1070224.0	25.0
ERR038035	8.72298995869	52.0	115.0	1680821.0	25.0
ERR038036	7.69835871001	52.0	115.0	1096109.0	33.3333333333
ERR038037	8.14774761271	52.0	115.0	1574733.0	25.0
ERR038038	6.81485995687	51.0	115.0	888995.0	25.0
ERR038039	7.11183843869	51.0	115.0	858898.0	33.3333333333
ERR038041	5.25875220683	51.0	115.0	769919.0	25.0
ERR038042	6.86329235308	53.0	115.0	968378.0	25.0
ERR038043	7.0825130607	51.0	115.0	972949.0	25.0
ERR044728	13.8229718292	51.0	150.0	5685723.0	9.09090909091
ERR044729	15.7092028442	52.0	150.0	6392840.0	9.09090909091
ERR064836	9.35757778307	51.0	150.0	5493600.0	9.09090909091
ERR064837	10.9640104393	51.0	150.0	6545579.0	9.09090909091
ERR064838	9.60581016768	51.0	150.0	5669760.0	9.09090909091
ERR064839	10.275083254	51.0	150.0	5996653.0	9.09090909091
ERR064840	10.8386430919	51.0	150.0	6214809.0	9.09090909091
ERR212511	3.7085746733	51.0	200.0	1218918.0	0.0
ERR212512	4.59407904348	51.0	200.0	1435335.0	9.09090909091
ERR212513	6.14247982868	51.0	200.0	1964392.0	0.0
ERR212514	5.16816796185	51.0	200.0	1588971.0	9.09090909091
ERR212515	5.87196560635	51.0	200.0	1983334.0	0.0
ERR212517	4.09896475752	51.0	200.0	1270145.0	0.0
ERR212518	2.35020879065	50.0	200.0	1633120.0	9.09090909091
ERR212521	4.78928380831	51.0	200.0	1422517.0	9.09090909091
ERR212522	4.07257097536	51.0	200.0	1234672.0	0.0
ERR212523	6.23377554568	51.0	200.0	2118685.0	0.0
ERR212529	4.62620949008	51.0	200.0	1464559.0	0.0
ERR212530	4.95677510279	51.0	200.0	1530352.0	0.0
ERR212558	6.23648835114	51.0	200.0	1912246.0	0.0
ERR212563	3.2926280518	51.0	200.0	948321.0	0.0
ERR212565	3.11077048593	51.0	200.0	914412.0	0.0
ERR212566	3.26887289952	51.0	200.0	895917.0	9.09090909091
ERR212571	4.07600406691	51.0	200.0	1334141.0	9.09090909091
ERR212593	6.21249994944	51.0	200.0	2035190.0	9.09090909091
ERR212595	3.99255701904	51.0	200.0	1193761.0	9.09090909091
ERR212605	4.77393435339	52.0	200.0	1623097.0	9.09090909091
ERR212606	4.98054367269	51.0	200.0	1476562.0	0.0
ERR212608	6.60892249862	50.0	200.0	2210885.0	9.09090909091
ERR212610	6.0209826806	48.0	200.0	2118394.0	18.1818181818
ERR212611	7.11063123824	50.0	200.0	2609947.0	0.0
ERR212612	7.99019496162	50.0	200.0	2908070.0	9.09090909091
ERR212613	7.16217112945	50.0	200.0	2486566.0	9.09090909091
ERR212615	7.05724170812	51.0	200.0	2394906.0	9.09090909091
ERR212616	7.55011809668	50.0	200.0	2811754.0	9.09090909091
ERR212617	5.95868401782	50.0	200.0	1951653.0	9.09090909091
ERR212618	6.72714673567	50.0	200.0	2422312.0	9.09090909091
ERR212623	6.50377748582	48.0	200.0	2675657.0	18.1818181818
ERR212627	8.27829900624	50.0	200.0	3198363.0	9.09090909091
ERR212631	7.01586941262	50.0	200.0	2288447.0	9.09090909091
ERR212641	7.43091105962	50.0	200.0	2676265.0	9.09090909091
ERR212663	4.53761860687	50.0	200.0	1233792.0	9.09090909091
ERR212668	4.71063365051	50.0	200.0	1255683.0	9.09090909091
ERR212675	7.1604418103	50.0	200.0	2632569.0	9.09090909091
ERR235134	11.8435395742	51.0	200.0	3238456.0	9.09090909091
ERR235136	5.68127279867	51.0	200.0	1783913.0	9.09090909091
ERR235143	1.81772499604	49.0	200.0	2163762.0	0.0
ERR235144	5.69983233617	51.0	200.0	1817641.0	9.09090909091
ERR235153	9.05419144171	51.0	200.0	3352538.0	9.09090909091
ERR235164	3.82149845441	51.0	200.0	1101418.0	0.0
ERR235185	3.49201911927	51.0	200.0	948282.0	9.09090909091
ERR235197	5.81686125263	51.0	200.0	1696955.0	0.0
ERR235198	6.60917858157	51.0	200.0	2178458.0	0.0
ERR235199	6.59867449766	51.0	200.0	2123735.0	0.0
ERR235200	5.53059045506	51.0	200.0	1905210.0	0.0
ERR235201	7.15791482922	51.0	200.0	2312008.0	9.09090909091
ERR235202	8.39252569667	51.0	200.0	2786108.0	9.09090909091
ERR235203	7.11941442299	51.0	200.0	2615865.0	9.09090909091
ERR235204	7.11944662061	51.0	200.0	2637123.0	9.09090909091
ERR235205	1.38490113475	51.0	200.0	234537.0	9.09090909091
ERR235208	6.71620147796	51.0	200.0	1793772.0	0.0
ERR235210	6.13172936143	51.0	200.0	2010399.0	9.09090909091
ERR235211	6.36402582397	51.0	200.0	2279532.0	9.09090909091
ERR235212	8.58508540953	51.0	200.0	3430261.0	9.09090909091
ERR235213	6.04669128626	51.0	200.0	1987127.0	0.0
ERR235216	5.86419916108	51.0	200.0	1953753.0	0.0
ERR235217	7.01262574248	51.0	200.0	2342510.0	0.0
ERR235218	8.19414045734	51.0	200.0	2713779.0	0.0
ERR235219	7.63815425198	51.0	200.0	2761893.0	0.0
ERR235221	6.19919205289	51.0	200.0	2010721.0	9.09090909091
ERR235222	8.33752360016	51.0	200.0	2651218.0	27.2727272727
ERR235224	6.4639199668	51.0	200.0	1837094.0	0.0
ERR235225	9.55362990586	51.0	200.0	3129200.0	0.0
ERR235226	9.78950893606	51.0	200.0	3255145.0	9.09090909091
ERR235227	7.66761865639	51.0	200.0	2690562.0	9.09090909091
ERR235228	7.24583038881	51.0	200.0	2611579.0	0.0
ERR235229	7.93913286236	51.0	200.0	2406361.0	0.0
ERR235231	8.39219507563	51.0	200.0	2601804.0	0.0
ERR235232	6.29797425203	51.0	200.0	1804694.0	9.09090909091
ERR235233	6.13993512836	51.0	200.0	2037884.0	9.09090909091
ERR235234	5.94320660483	51.0	200.0	2094369.0	0.0
ERR235235	6.49093380674	51.0	200.0	2279013.0	0.0
ERR235236	7.90843409852	51.0	200.0	2493830.0	9.09090909091
ERR235237	7.19854788869	51.0	200.0	2290953.0	0.0
ERR235238	7.32590121592	51.0	200.0	2410860.0	0.0
ERR235239	9.75872463773	51.0	200.0	3183861.0	0.0
ERR235240	6.75889084906	51.0	200.0	2274571.0	9.09090909091
ERR235241	1.88953195565	51.0	200.0	301785.0	9.09090909091
ERR235242	6.95037461894	51.0	200.0	2695515.0	9.09090909091
ERR235243	6.26435646766	51.0	200.0	2195101.0	9.09090909091
ERR235244	6.07612550147	51.0	200.0	1992728.0	0.0
ERR235246	7.177783168	51.0	200.0	2357964.0	0.0
ERR235247	5.89157847825	51.0	200.0	2173924.0	0.0
ERR235248	8.86916549718	51.0	200.0	2840194.0	9.09090909091
ERR235249	10.6519739285	51.0	200.0	4018911.0	9.09090909091
ERR235250	11.3596240617	51.0	200.0	4566775.0	9.09090909091
ERR235251	8.19560818943	51.0	200.0	2662614.0	0.0
ERR235252	8.79059770438	51.0	200.0	2744907.0	9.09090909091
ERR235253	6.21138581802	51.0	200.0	2067440.0	0.0
ERR235254	7.72476387556	51.0	200.0	2555963.0	0.0
ERR235255	5.4277961463	51.0	200.0	1581931.0	9.09090909091
ERR235256	6.59820386754	51.0	200.0	2136911.0	0.0
ERR235257	8.33932222598	51.0	200.0	3078377.0	0.0
ERR235258	6.29066002004	51.0	200.0	2292845.0	9.09090909091
ERR235259	6.61587210268	51.0	200.0	2211860.0	0.0
ERR235260	6.7718243925	51.0	200.0	2241252.0	0.0
ERR235261	5.92310716503	51.0	200.0	1920204.0	0.0
ERR235262	8.89696788855	51.0	200.0	3184940.0	9.09090909091
ERR235263	2.2033983296	51.0	200.0	429115.0	9.09090909091
ERR235264	11.4218569727	51.0	200.0	4000540.0	9.09090909091
ERR235266	5.97901324543	51.0	200.0	2297765.0	9.09090909091
ERR235269	5.89907558199	51.0	200.0	1837943.0	0.0
ERR235270	6.19954023594	51.0	200.0	1769821.0	0.0
ERR235271	6.29789360571	51.0	200.0	1966822.0	9.09090909091
ERR235273	5.68033645833	51.0	200.0	2076821.0	9.09090909091
ERR235274	5.44737104344	51.0	200.0	1806610.0	0.0
ERR235276	9.28517973834	51.0	200.0	3155855.0	0.0
ERR235279	6.84604206003	51.0	200.0	2199109.0	0.0
ERR235281	6.03225559242	51.0	200.0	2230119.0	9.09090909091
ERR235282	5.79429548818	51.0	200.0	1774779.0	9.09090909091
ERR235283	5.89860458263	51.0	200.0	1997722.0	0.0
ERR235285	6.19442287559	51.0	200.0	1918697.0	9.09090909091
ERR235286	8.82491555861	51.0	200.0	2873966.0	9.09090909091
ERR235287	6.42989067037	51.0	200.0	1989921.0	0.0
ERR235288	5.42080884417	51.0	200.0	1767570.0	0.0
ERR235289	6.58872063155	52.0	200.0	2340047.0	9.09090909091
ERR235363	5.29372205299	51.0	200.0	1539209.0	0.0
ERR235364	6.24634981898	51.0	200.0	1964635.0	9.09090909091
ERR235365	5.04041072126	51.0	200.0	1515654.0	0.0
ERR235366	3.42197071738	51.0	200.0	928168.0	0.0
ERR235367	5.6363087029	51.0	200.0	1624513.0	0.0
ERR235368	3.36812085377	51.0	200.0	979382.0	0.0
ERR235372	3.35438431998	51.0	200.0	872584.0	0.0
ERR235373	5.30418319786	51.0	200.0	1529215.0	0.0
ERR235374	5.51960605491	51.0	200.0	1564510.0	0.0
ERR235375	4.20237712791	51.0	200.0	1128633.0	0.0
ERR235377	6.30002444689	51.0	200.0	1892011.0	0.0
ERR235378	4.63187196627	51.0	200.0	1300666.0	0.0
ERR235379	4.0719094118	51.0	200.0	1186972.0	9.09090909091
ERR235381	5.83055891776	51.0	200.0	1407181.0	0.0
ERR235382	2.54941373867	51.0	200.0	673909.0	0.0
ERR279186	6.8984823482	52.0	200.0	2470775.0	9.09090909091
SRR1645171	25.3984504079	51.0	197.395534875	1243683.0	0.0
SRR1645388	28.0789891937	51.0	197.660782577	1570223.0	0.0
SRR1645545	21.9214069334	51.0	193.185524601	1158089.0	9.09090909091
SRR1645768	44.2361608586	51.0	197.011854942	3828277.0	0.0
SRR1646227	32.8337853262	51.0	196.939718788	1793378.0	0.0
SRR1646230	29.8100726225	51.0	196.781892247	1690403.0	9.09090909091
SRR1646238	24.864648193	51.0	197.446135775	1270203.0	9.09090909091
SRR1958036	25.9637088878	51.0	197.941738327	1629785.0	18.1818181818
SRR1958303	30.425941658	52.0	198.272426316	1650193.0	0.0
SRR1960363	24.7883976728	52.0	197.66407241	1478137.0	0.0
SRR1965263	19.2209928876	51.0	193.851380845	1034584.0	18.1818181818
SRR1965387	23.9497139779	51.0	194.827335071	1131272.0	18.1818181818
SRR1965662	21.4096046757	51.0	185.540255204	1114949.0	0.0
SRR1966023	34.6395602779	51.0	195.475948334	2544751.0	18.1818181818
SRR1966068	31.5492647647	51.0	189.669421415	2047616.0	0.0
SRR1966408	33.2189887554	51.0	189.387553929	2018870.0	18.1818181818
SRR1966418	26.4646741301	51.0	191.10163985	1374943.0	0.0
SRR1966509	23.6028443492	50.0	190.456800492	1119191.0	0.0
SRR1966593	29.3698423512	50.0	194.663175297	1973151.0	0.0
SRR1966635	25.0265287274	51.0	196.252655675	1483521.0	9.09090909091
SRR1966656	25.2850928973	53.0	193.333054668	1277520.0	18.1818181818
SRR1967248	28.8101942177	52.0	188.856301917	1635074.0	9.09090909091
SRR1967419	26.1933782401	51.0	182.239125669	1213270.0	0.0
SRR1967438	30.4888755464	51.0	195.380544874	1925179.0	9.09090909091
SRR1967447	33.3569696741	52.0	197.56023667	2104200.0	0.0
SRR1967883	25.9819553747	51.0	189.561829992	1737013.0	9.09090909091
SRR1967938	27.7930948904	51.0	197.199802964	1514442.0	0.0
SRR1968052	19.4319562404	52.0	195.689020138	850293.0	18.1818181818
SRR1968061	31.7311385434	51.0	196.761551312	2119651.0	0.0
SRR1968084	31.639363445	50.0	197.025701565	1722113.0	18.1818181818
SRR1968221	33.542538608	51.0	196.840027195	2051880.0	9.09090909091
SRR1968269	31.3569077944	51.0	197.286916981	1847280.0	0.0
SRR1968363	24.5402333342	50.0	193.178347728	1387060.0	9.09090909091
SRR1968962	33.1778626277	51.0	195.583857158	2349388.0	9.09090909091
SRR1969492	31.7343357219	51.0	197.235903555	1912468.0	9.09090909091
SRR1969775	24.0606061961	50.0	186.076786079	1131403.0	9.09090909091
SRR1969854	29.0466445926	51.0	190.581886284	1605336.0	0.0
SRR1969857	28.631350968	51.0	195.832235314	1735246.0	0.0
SRR1970264	27.4185821882	51.0	185.622356393	1590015.0	0.0
SRR3048536	24.0395292925	51.0	186.655089145	1078354.0	9.09090909091
SRR3048892	10.9574768632	50.0	189.539612603	761235.0	0.0
SRR3284779	34.0679428689	51.0	200.0	2399420.0	0.0
SRR3285401	30.8253904845	51.0	200.0	1829464.0	18.1818181818
SRR3285477	33.0390175217	51.0	200.0	2080251.0	9.09090909091
SRR3286620	31.8874490489	51.0	200.0	1667336.0	18.1818181818
SRR3322345	28.1251595865	52.0	200.0	1390268.0	18.1818181818
SRR3322379	29.6672478712	52.0	200.0	1640589.0	0.0
SRR3323011	28.8758329385	51.0	200.0	1741705.0	9.09090909091
SRR3323046	27.4013307869	51.0	200.0	1302564.0	9.09090909091
SRR5193685	29.0319012414	51.0	200.0	1581659.0	18.1818181818
